sequence_id = 1538
alpha_d = 1000.0
alpha_r = 1
alpha_i = 1e1
alpha_grad = 100.0
grad_loss = True
desired_resolution = 32768
change_patch_size_lidar = [2, 8]
num_steps = 768
upsample_steps = 64
bound = 1
scale = 0.01150158050828236
offset = [1150.2651429096413, 3997.2217130085182, 109.3943550832148]
